============================================================
SUMMARY
============================================================
Restaurant               C       D       F       G       H       I       J       K       Avg
001_Gran_Caffe_L_Aquila_ 0.47    0.57    0.69    0.19    0.21    0.99    0.98    0.42    0.56
002_Square_One_Coffee_0Z 0.42    0.49    0.68    0.23    0.75    0.21    1.00    0.00    0.47
003_Thirsty_Dice_1klRUBB 0.61    0.41    0.58    0.51    0.46    0.60    1.00    0.59    0.59
004_Brown_Street_Coffee_ 0.40    0.59    0.66    0.60    0.00    0.75    1.00    0.25    0.53
005_Steap_and_Grind_3UBG 0.77    0.65    0.66    0.35    0.50    0.38    0.68    0.00    0.50
006_Chapterhouse_Caf____ 0.73    0.58    0.47    0.21    0.12    0.52    0.56    0.28    0.43
007_The_Bubble_House_8Wq 0.65    0.48    0.72    0.32    0.00    0.40    0.75    0.25    0.45
008_One_Shot_Coffee_9w6o 0.52    0.46    0.55    0.15    0.00    0.90    0.95    0.25    0.47
009_Cafe_Square_One_AWJy 0.73    0.53    0.82    0.33    0.50    0.40    1.00    0.00    0.54
010_Rocket_Cat_Cafe_BqvK 0.44    0.55    0.66    0.28    0.00    0.90    0.70    0.25    0.47